

TREE # 1
   1   5857.05261 x   0.01042  0.00517  0.02117  0.03249  0.00211  0.00202  0.04171  0.03199  0.09998  0.01885  0.02789  0.00127  0.02009  0.01594  0.01534  0.00013  0.00766  0.00892  0.00126  0.00126  0.03063  0.00238  0.00754  0.00384  0.00422  0.00563  0.01092  0.01553  0.00790  0.02028  0.00506  0.00124  0.00248  0.00352  0.00382  0.00503  0.00637  0.00382  0.00134  0.00376  0.00380  0.00257  0.00000  0.00253  0.00000  4.23722  0.04873  0.41238  0.09837  0.50803  0.26855  0.49542  0.39220  0.29360  0.61205  0.74740  0.40118  0.45571  0.25539  0.14370  0.24079  6.86468  0.39522  0.52245  8.03665  7.82623  0.71701  0.00010  2.81884  0.19029  0.78370  1.12365  1.66496  0.26112  0.63664  1.13475 10.47341  7.99189  0.00010  0.76680  0.19152  9.76344  0.25955  0.19580  2.91016 11.32394  0.77456  0.00010  0.26482  0.41233  0.47023
   2   5856.00275 x   0.01029  0.00530  0.02101  0.03220  0.00329  0.00197  0.04170  0.03200  0.10012  0.01876  0.02798  0.00192  0.02000  0.01592  0.01528  0.00000  0.00766  0.00892  0.00126  0.00126  0.03078  0.00240  0.00757  0.00384  0.00422  0.00680  0.01066  0.01569  0.00787  0.02030  0.00506  0.00124  0.00257  0.00370  0.00383  0.00504  0.00637  0.00383  0.00134  0.00376  0.00380  0.00257  0.00000  0.00253  0.00000  4.27237  0.04288  0.42650  0.10296  0.51632  0.25809  0.50081  0.38854  0.29416  0.59869  0.75591  0.37797  0.44619  0.28367  0.14847  0.27404  6.86474  0.39114  0.52113  8.03708  7.82668  0.72826  0.00010  2.81188  0.19463  0.78296  1.12185  1.66725  0.25725  0.65252  1.13091 10.47444  7.99232  0.00010  0.77208  0.19504  9.76462  0.26037  0.19540  2.91175 11.32460  0.77551  0.00010  0.26482  0.40782  0.47023
   3   5855.74722 x   0.01011  0.00549  0.02095  0.03194  0.00428  0.00194  0.04167  0.03203  0.10001  0.01870  0.02786  0.00241  0.02012  0.01590  0.01540  0.00000  0.00766  0.00892  0.00126  0.00126  0.03081  0.00240  0.00757  0.00384  0.00422  0.00710  0.01061  0.01569  0.00786  0.02031  0.00506  0.00124  0.00257  0.00371  0.00383  0.00504  0.00637  0.00383  0.00134  0.00376  0.00380  0.00257  0.00000  0.00254  0.00000  4.27974  0.03460  0.43193  0.09673  0.51546  0.25945  0.50262  0.38922  0.29275  0.59941  0.75788  0.37908  0.44328  0.28671  0.13827  0.27502  6.86474  0.39075  0.52100  8.03720  7.82681  0.73047  0.00010  2.80999  0.19478  0.78279  1.12129  1.66808  0.25773  0.65614  1.13002 10.47473  7.99244  0.00010  0.77336  0.19518  9.76494  0.26050  0.19548  2.91222 11.32478  0.77578  0.00010  0.26482  0.40683  0.47023
   4   5855.63081 x   0.00973  0.00585  0.02093  0.03151  0.00493  0.00190  0.04168  0.03204  0.10005  0.01869  0.02784  0.00258  0.02012  0.01590  0.01540  0.00000  0.00766  0.00892  0.00126  0.00126  0.03081  0.00241  0.00757  0.00384  0.00422  0.00712  0.01061  0.01569  0.00784  0.02032  0.00506  0.00124  0.00257  0.00371  0.00383  0.00504  0.00637  0.00382  0.00133  0.00376  0.00380  0.00257  0.00000  0.00254  0.00000  4.36968  0.01996  0.53808  0.09905  0.51623  0.31293  0.53875  0.39339  0.29289  0.60357  0.78024  0.38076  0.39400  0.29039  0.14180  0.27649  6.86474  0.39107  0.52190  8.03962  7.82936  0.74391  0.00010  2.77168  0.19598  0.78054  1.11087  1.68590  0.25910  0.70719  1.11811 10.48056  7.99487  0.00010  0.79642  0.19639  9.77156  0.26212  0.19670  2.92182 11.32850  0.78122  0.00010  0.26482  0.39399  0.47023
   5   5854.93267 x   0.00948  0.00610  0.02094  0.03127  0.00519  0.00185  0.04172  0.03206  0.10007  0.01869  0.02784  0.00258  0.02012  0.01590  0.01540  0.00000  0.00766  0.00892  0.00125  0.00126  0.03081  0.00241  0.00758  0.00384  0.00422  0.00713  0.01059  0.01569  0.00776  0.02039  0.00506  0.00124  0.00257  0.00379  0.00383  0.00503  0.00637  0.00383  0.00126  0.00376  0.00380  0.00257  0.00000  0.00254  0.00000  4.37311  0.00693  0.58140  0.09891  0.50011  0.34582  0.62600  0.39118  0.29316  0.60261  0.78107  0.38206  0.38436  0.28932  0.14241  0.27688  6.85955  0.39123  0.52287 999.00000 999.00000  0.74232  0.00010  1.97400  0.19616  0.78102  1.07102  1.81232  0.25931  0.73624  1.10137 999.00000 999.00000  0.00010  0.78639  0.19653 999.00000  0.26218  0.19666 999.00000 999.00000  0.79163  0.00010  0.23873  0.39408  0.44812
   6   5854.92189 x   0.00934  0.00625  0.02094  0.03113  0.00534  0.00185  0.04172  0.03206  0.10008  0.01869  0.02784  0.00258  0.02011  0.01590  0.01540  0.00000  0.00766  0.00892  0.00125  0.00126  0.03080  0.00241  0.00758  0.00384  0.00422  0.00713  0.01059  0.01569  0.00776  0.02039  0.00506  0.00124  0.00257  0.00379  0.00383  0.00503  0.00637  0.00383  0.00126  0.00376  0.00380  0.00257  0.00000  0.00254  0.00000  4.37303  0.00010  0.58709  0.09958  0.49275  0.35846  0.62681  0.39118  0.29249  0.60298  0.78139  0.38206  0.38435  0.28931  0.14242  0.27688  6.85955  0.39123  0.52287 999.00000 999.00000  0.74210  0.00010  1.97400  0.19618  0.78102  1.07102  1.81233  0.25933  0.73642  1.10131 999.00000 999.00000  0.00010  0.78636  0.19652 999.00000  0.26218  0.19666 999.00000 999.00000  0.79162  0.00010  0.23873  0.39408  0.44812
   7   5854.92113 x   0.00934  0.00624  0.02094  0.03112  0.00533  0.00185  0.04173  0.03206  0.10008  0.01869  0.02784  0.00258  0.02012  0.01590  0.01540  0.00000  0.00766  0.00892  0.00125  0.00126  0.03080  0.00241  0.00758  0.00384  0.00422  0.00713  0.01059  0.01569  0.00776  0.02039  0.00506  0.00124  0.00257  0.00379  0.00383  0.00503  0.00637  0.00383  0.00126  0.00376  0.00380  0.00257  0.00000  0.00254  0.00000  4.37300  0.00010  0.59854  0.09907  0.49585  0.36868  0.62868  0.39091  0.29307  0.60324  0.78189  0.38205  0.38433  0.28930  0.14226  0.27687  6.85955  0.39123  0.52287 999.00000 999.00000  0.74191  0.00010  1.97399  0.19616  0.78102  1.07102  1.81235  0.25933  0.73674  1.10118 999.00000 999.00000  0.00010  0.78629  0.19652 999.00000  0.26218  0.19666 999.00000 999.00000  0.79160  0.00010  0.23873  0.39407  0.44812
   8   5854.92103 x   0.00934  0.00624  0.02094  0.03112  0.00534  0.00184  0.04173  0.03206  0.10008  0.01869  0.02784  0.00258  0.02011  0.01590  0.01540  0.00000  0.00766  0.00892  0.00125  0.00126  0.03080  0.00241  0.00758  0.00384  0.00422  0.00713  0.01059  0.01569  0.00776  0.02039  0.00506  0.00124  0.00257  0.00379  0.00383  0.00503  0.00637  0.00383  0.00126  0.00376  0.00380  0.00257  0.00000  0.00254  0.00000  4.37365  0.00010  0.60339  0.09907  0.49593  0.36640  0.64010  0.39114  0.29291  0.60273  0.78203  0.38207  0.38434  0.28932  0.14242  0.27688  6.85955  0.39125  0.52289 999.00000 999.00000  0.74194  0.00010  1.97396  0.19616  0.78106  1.07104  1.81257  0.25932  0.73713  1.10112 999.00000 999.00000  0.00010  0.78608  0.19653 999.00000  0.26219  0.19666 999.00000 999.00000  0.79154  0.00010  0.23873  0.39409  0.44812
   9   5854.92103 x   0.00934  0.00624  0.02094  0.03112  0.00534  0.00184  0.04173  0.03206  0.10008  0.01869  0.02784  0.00258  0.02011  0.01590  0.01540  0.00000  0.00766  0.00892  0.00125  0.00126  0.03080  0.00241  0.00758  0.00384  0.00422  0.00713  0.01059  0.01569  0.00776  0.02039  0.00506  0.00124  0.00257  0.00379  0.00383  0.00503  0.00637  0.00383  0.00126  0.00376  0.00380  0.00257  0.00000  0.00254  0.00000  4.37364  0.00010  0.60344  0.09907  0.49593  0.36638  0.64161  0.39112  0.29289  0.60273  0.78205  0.38207  0.38433  0.28933  0.14242  0.27689  6.85955  0.39124  0.52289 999.00000 999.00000  0.74193  0.00010  1.97395  0.19618  0.78104  1.07101  1.81264  0.25932  0.73701  1.10111 999.00000 999.00000  0.00010  0.78618  0.19653 999.00000  0.26219  0.19667 999.00000 999.00000  0.79157  0.00010  0.23873  0.39408  0.44812
