

TREE # 1
   1   9223.94862 x   0.00381  0.00342  0.02276  0.02554  0.00118  0.00296  0.02111  0.03922  0.06086  0.01081  0.02148  0.00333  0.01670  0.00705  0.00988  0.00094  0.00498  0.00242  0.00000  0.00042  0.01863  0.00664  0.01043  0.00203  0.00000  0.00289  0.01359  0.00894  0.00839  0.00595  0.00298  0.00222  0.00057  0.00071  0.00216  0.00222  0.00058  0.00096  0.00000  0.00434  0.00131  0.00652  0.00234  1.99833  0.89977  0.42778  1.51576  2.46063
   2   9185.08801 x   0.00367  0.00325  0.02182  0.02448  0.00110  0.00292  0.02025  0.03777  0.05901  0.01045  0.02054  0.00296  0.01588  0.00678  0.00935  0.00124  0.00470  0.00229  0.00000  0.00059  0.01778  0.00627  0.00988  0.00199  0.00000  0.00276  0.01292  0.00845  0.00798  0.00563  0.00280  0.00209  0.00068  0.00070  0.00210  0.00209  0.00068  0.00126  0.00000  0.00421  0.00213  0.00604  0.00221  4.17257  0.96485  0.22946  0.86672  4.46698
   3   9183.61786 x   0.00368  0.00326  0.02184  0.02450  0.00115  0.00293  0.02029  0.03783  0.05907  0.01055  0.02070  0.00304  0.01600  0.00680  0.00942  0.00136  0.00475  0.00231  0.00000  0.00068  0.01793  0.00635  0.00997  0.00201  0.00000  0.00280  0.01305  0.00854  0.00804  0.00569  0.00284  0.00212  0.00070  0.00070  0.00212  0.00212  0.00071  0.00140  0.00000  0.00425  0.00294  0.00603  0.00223  3.85495  0.97396  0.10601  0.31662  4.73734
   4   9177.34090 x   0.00380  0.00326  0.02208  0.02465  0.00126  0.00292  0.02048  0.03811  0.06032  0.01078  0.02105  0.00301  0.01610  0.00690  0.00948  0.00141  0.00480  0.00232  0.00000  0.00071  0.01847  0.00636  0.00996  0.00208  0.00000  0.00281  0.01331  0.00854  0.00809  0.00570  0.00278  0.00211  0.00070  0.00070  0.00211  0.00211  0.00071  0.00140  0.00000  0.00423  0.00345  0.00622  0.00228  3.99660  0.99609  0.00658  0.01528 17.37321
   5   9177.32114 x   0.00382  0.00328  0.02219  0.02479  0.00128  0.00293  0.02060  0.03833  0.06068  0.01080  0.02116  0.00303  0.01617  0.00694  0.00953  0.00141  0.00482  0.00233  0.00000  0.00071  0.01859  0.00639  0.01001  0.00209  0.00000  0.00282  0.01338  0.00858  0.00813  0.00573  0.00279  0.00212  0.00070  0.00070  0.00212  0.00212  0.00071  0.00141  0.00000  0.00425  0.00355  0.00624  0.00229  3.99663  0.99585  0.00647  0.01532 17.37321
   6   9177.31832 x   0.00384  0.00328  0.02225  0.02485  0.00128  0.00294  0.02065  0.03843  0.06082  0.01082  0.02121  0.00303  0.01621  0.00695  0.00954  0.00142  0.00483  0.00234  0.00000  0.00071  0.01863  0.00641  0.01003  0.00210  0.00000  0.00282  0.01341  0.00860  0.00814  0.00574  0.00280  0.00212  0.00071  0.00070  0.00212  0.00213  0.00071  0.00141  0.00000  0.00425  0.00355  0.00625  0.00230  3.99697  0.99576  0.00654  0.01517 17.37324
   7   9177.31786 x   0.00384  0.00329  0.02227  0.02487  0.00129  0.00294  0.02067  0.03845  0.06087  0.01082  0.02122  0.00303  0.01622  0.00695  0.00955  0.00142  0.00483  0.00234  0.00000  0.00071  0.01865  0.00641  0.01003  0.00210  0.00000  0.00283  0.01342  0.00861  0.00815  0.00575  0.00280  0.00212  0.00071  0.00071  0.00213  0.00213  0.00072  0.00142  0.00000  0.00426  0.00356  0.00626  0.00230  3.99700  0.99572  0.00644  0.01520 17.37325
   8   9177.31374 x   0.00384  0.00329  0.02228  0.02488  0.00129  0.00294  0.02068  0.03847  0.06092  0.01084  0.02124  0.00303  0.01623  0.00696  0.00956  0.00142  0.00484  0.00234  0.00000  0.00072  0.01866  0.00641  0.01003  0.00210  0.00000  0.00283  0.01343  0.00861  0.00815  0.00575  0.00280  0.00212  0.00071  0.00071  0.00213  0.00213  0.00072  0.00142  0.00000  0.00426  0.00356  0.00626  0.00230  4.02136  0.99576  0.00500  0.01171 17.72274
   9   9177.31371 x   0.00384  0.00329  0.02228  0.02488  0.00129  0.00294  0.02068  0.03848  0.06093  0.01084  0.02124  0.00303  0.01623  0.00696  0.00956  0.00142  0.00484  0.00234  0.00000  0.00072  0.01866  0.00641  0.01004  0.00210  0.00000  0.00283  0.01343  0.00861  0.00815  0.00575  0.00280  0.00212  0.00071  0.00071  0.00213  0.00213  0.00072  0.00142  0.00000  0.00426  0.00356  0.00626  0.00230  4.02135  0.99575  0.00500  0.01175 17.72275
  10   9177.31371 x   0.00384  0.00329  0.02228  0.02488  0.00129  0.00294  0.02068  0.03848  0.06094  0.01084  0.02124  0.00303  0.01623  0.00696  0.00956  0.00142  0.00484  0.00234  0.00000  0.00072  0.01866  0.00642  0.01004  0.00210  0.00000  0.00283  0.01343  0.00861  0.00815  0.00575  0.00280  0.00212  0.00071  0.00071  0.00213  0.00213  0.00072  0.00142  0.00000  0.00426  0.00356  0.00627  0.00230  4.02135  0.99575  0.00500  0.01173 17.73251
  11   9177.31370 x   0.00384  0.00329  0.02229  0.02489  0.00129  0.00294  0.02068  0.03849  0.06094  0.01084  0.02124  0.00303  0.01623  0.00696  0.00956  0.00142  0.00484  0.00234  0.00000  0.00072  0.01866  0.00642  0.01004  0.00210  0.00000  0.00283  0.01343  0.00861  0.00815  0.00575  0.00280  0.00212  0.00071  0.00071  0.00213  0.00213  0.00072  0.00142  0.00000  0.00426  0.00356  0.00627  0.00230  4.02127  0.99574  0.00500  0.01175 17.73252
  12   9177.31370 x   0.00384  0.00329  0.02229  0.02489  0.00129  0.00294  0.02068  0.03849  0.06094  0.01084  0.02124  0.00303  0.01623  0.00696  0.00956  0.00142  0.00484  0.00234  0.00000  0.00072  0.01866  0.00642  0.01004  0.00210  0.00000  0.00283  0.01343  0.00861  0.00815  0.00575  0.00280  0.00212  0.00071  0.00071  0.00213  0.00213  0.00072  0.00142  0.00000  0.00426  0.00356  0.00627  0.00230  4.02127  0.99574  0.00500  0.01175 17.73252
  13   9177.31370 x   0.00384  0.00329  0.02229  0.02489  0.00129  0.00294  0.02068  0.03849  0.06094  0.01084  0.02124  0.00303  0.01623  0.00696  0.00956  0.00142  0.00484  0.00234  0.00000  0.00072  0.01866  0.00642  0.01004  0.00210  0.00000  0.00283  0.01343  0.00861  0.00815  0.00575  0.00280  0.00212  0.00071  0.00071  0.00213  0.00213  0.00072  0.00142  0.00000  0.00426  0.00356  0.00627  0.00230  4.02127  0.99574  0.00500  0.01175 17.73252
