

TREE # 1
   1   5832.71532 x   0.01003  0.00506  0.02059  0.03212  0.00206  0.00199  0.04168  0.03147  0.10390  0.01946  0.02784  0.00130  0.01952  0.01590  0.01512  0.00000  0.00759  0.00889  0.00126  0.00125  0.03102  0.00218  0.00765  0.00382  0.00420  0.00568  0.01100  0.01598  0.00819  0.02057  0.00521  0.00114  0.00334  0.00275  0.00378  0.00507  0.00634  0.00379  0.00147  0.00295  0.00463  0.00252  0.00000  0.00252  0.00000  4.05640  0.92668  0.91162  2.90977  3.30870
   2   5830.80875 x   0.01006  0.00512  0.02058  0.03220  0.00315  0.00182  0.04197  0.03175  0.10464  0.01939  0.02792  0.00196  0.01964  0.01596  0.01523  0.00000  0.00763  0.00893  0.00127  0.00126  0.03129  0.00217  0.00772  0.00384  0.00422  0.00686  0.01077  0.01627  0.00820  0.02063  0.00520  0.00116  0.00333  0.00276  0.00381  0.00509  0.00636  0.00380  0.00147  0.00296  0.00465  0.00252  0.00000  0.00252  0.00000  4.52584  0.89951  0.68759  2.79388  2.79971
   3   5830.55777 x   0.01008  0.00520  0.02065  0.03230  0.00397  0.00178  0.04223  0.03198  0.10540  0.01949  0.02807  0.00246  0.01977  0.01607  0.01533  0.00000  0.00768  0.00899  0.00128  0.00126  0.03152  0.00219  0.00777  0.00387  0.00425  0.00720  0.01078  0.01639  0.00824  0.02076  0.00523  0.00117  0.00336  0.00278  0.00383  0.00512  0.00640  0.00383  0.00148  0.00298  0.00468  0.00254  0.00000  0.00254  0.00000  4.52361  0.89196  0.67286  2.79375  2.80068
   4   5828.91113 x   0.01010  0.00528  0.02074  0.03242  0.00428  0.00178  0.04250  0.03216  0.10612  0.01970  0.02821  0.00263  0.01990  0.01613  0.01541  0.00000  0.00772  0.00905  0.00128  0.00128  0.03154  0.00218  0.00780  0.00388  0.00427  0.00726  0.01083  0.01656  0.00831  0.02097  0.00534  0.00111  0.00336  0.00279  0.00385  0.00516  0.00643  0.00385  0.00148  0.00299  0.00471  0.00255  0.00000  0.00255  0.00000  4.48500  0.96755  0.01994  0.03822  4.67968
   5   5828.91015 x   0.01011  0.00528  0.02076  0.03245  0.00429  0.00178  0.04253  0.03218  0.10621  0.01972  0.02823  0.00263  0.01992  0.01614  0.01542  0.00000  0.00773  0.00905  0.00128  0.00128  0.03156  0.00219  0.00781  0.00388  0.00427  0.00727  0.01083  0.01657  0.00831  0.02099  0.00534  0.00111  0.00336  0.00279  0.00385  0.00517  0.00643  0.00385  0.00148  0.00299  0.00471  0.00255  0.00000  0.00255  0.00000  4.48616  0.96730  0.01878  0.03589  4.69333
   6   5828.91014 x   0.01011  0.00528  0.02076  0.03246  0.00429  0.00178  0.04254  0.03219  0.10623  0.01972  0.02823  0.00263  0.01992  0.01614  0.01542  0.00000  0.00773  0.00905  0.00128  0.00128  0.03157  0.00219  0.00781  0.00388  0.00428  0.00727  0.01084  0.01657  0.00832  0.02099  0.00534  0.00111  0.00336  0.00279  0.00386  0.00517  0.00643  0.00385  0.00148  0.00299  0.00471  0.00255  0.00000  0.00255  0.00000  4.48616  0.96726  0.01878  0.03587  4.69333
   7   5828.91014 x   0.01011  0.00528  0.02076  0.03246  0.00429  0.00178  0.04254  0.03219  0.10623  0.01972  0.02823  0.00263  0.01992  0.01614  0.01542  0.00000  0.00773  0.00905  0.00128  0.00128  0.03157  0.00219  0.00781  0.00388  0.00428  0.00727  0.01084  0.01657  0.00832  0.02099  0.00534  0.00111  0.00336  0.00279  0.00386  0.00517  0.00643  0.00385  0.00148  0.00299  0.00471  0.00255  0.00000  0.00255  0.00000  4.48616  0.96725  0.01878  0.03587  4.69333
   8   5828.91013 x   0.01011  0.00528  0.02076  0.03246  0.00429  0.00178  0.04254  0.03219  0.10624  0.01972  0.02823  0.00263  0.01992  0.01614  0.01542  0.00000  0.00773  0.00905  0.00128  0.00128  0.03157  0.00219  0.00781  0.00388  0.00428  0.00727  0.01084  0.01657  0.00832  0.02099  0.00534  0.00111  0.00336  0.00279  0.00386  0.00517  0.00643  0.00385  0.00148  0.00299  0.00471  0.00255  0.00000  0.00255  0.00000  4.48687  0.96727  0.01878  0.03587  4.69677
   9   5828.91013 x   0.01011  0.00528  0.02076  0.03246  0.00429  0.00178  0.04254  0.03219  0.10624  0.01972  0.02823  0.00263  0.01992  0.01614  0.01542  0.00000  0.00773  0.00905  0.00128  0.00128  0.03157  0.00219  0.00781  0.00388  0.00428  0.00727  0.01084  0.01657  0.00832  0.02099  0.00534  0.00111  0.00336  0.00279  0.00386  0.00517  0.00643  0.00385  0.00148  0.00299  0.00471  0.00255  0.00000  0.00255  0.00000  4.48687  0.96727  0.01878  0.03587  4.69677
