

TREE # 1
   1   5857.04949 x   0.01042  0.00517  0.02117  0.03248  0.00211  0.00202  0.04171  0.03199  0.09998  0.01885  0.02788  0.00127  0.02009  0.01594  0.01534  0.00013  0.00766  0.00892  0.00126  0.00126  0.03063  0.00239  0.00754  0.00384  0.00422  0.00563  0.01092  0.01553  0.00790  0.02028  0.00506  0.00124  0.00248  0.00352  0.00382  0.00503  0.00637  0.00382  0.00134  0.00376  0.00380  0.00257  0.00000  0.00254  0.00000  4.23855  0.04869  0.41444  0.09834  0.50812  0.27085  0.49556  0.39216  0.29339  0.61176  0.75047  0.40102  0.45573  0.25537  0.14367  0.24046  6.85857  0.39522  0.52229  8.03002  7.82013  0.71764  0.00010  2.80727  0.19042  0.78332  1.12562  1.65357  0.26062  0.64385  1.13603 10.46715  7.98527  0.00010  0.76348  0.19286  9.75819  0.25988  0.19540  2.90761 11.31466  0.77436  0.00010  0.26462  0.40750  0.47030
   2   5856.00018 x   0.01029  0.00530  0.02101  0.03219  0.00330  0.00197  0.04170  0.03200  0.10012  0.01876  0.02798  0.00192  0.02000  0.01592  0.01528  0.00000  0.00766  0.00892  0.00126  0.00126  0.03078  0.00240  0.00757  0.00384  0.00422  0.00680  0.01067  0.01569  0.00786  0.02031  0.00506  0.00124  0.00257  0.00370  0.00383  0.00504  0.00637  0.00383  0.00133  0.00376  0.00380  0.00257  0.00000  0.00254  0.00000  4.27384  0.04284  0.42803  0.10278  0.51637  0.25909  0.50102  0.38860  0.29409  0.59868  0.75806  0.37793  0.44608  0.28334  0.14851  0.27394  6.85863  0.39110  0.52103  8.03046  7.82059  0.72856  0.00010  2.80025  0.19469  0.78261  1.12379  1.65625  0.25738  0.65815  1.13191 10.46821  7.98571  0.00010  0.76911  0.19513  9.75939  0.26041  0.19539  2.90924 11.31533  0.77535  0.00010  0.26462  0.40393  0.47030
   3   5855.74467 x   0.01011  0.00549  0.02095  0.03194  0.00428  0.00194  0.04167  0.03203  0.10001  0.01870  0.02786  0.00241  0.02012  0.01591  0.01540  0.00000  0.00766  0.00892  0.00126  0.00126  0.03081  0.00240  0.00757  0.00384  0.00422  0.00710  0.01061  0.01569  0.00786  0.02031  0.00506  0.00124  0.00257  0.00371  0.00383  0.00504  0.00637  0.00383  0.00133  0.00376  0.00380  0.00257  0.00000  0.00254  0.00000  4.28102  0.03447  0.43325  0.09684  0.51550  0.26027  0.50280  0.38924  0.29281  0.59939  0.75982  0.37907  0.44320  0.28663  0.13839  0.27499  6.85863  0.39073  0.52092  8.03058  7.82072  0.73068  0.00010  2.79839  0.19483  0.78246  1.12324  1.65716  0.25779  0.66136  1.13099 10.46849  7.98583  0.00010  0.77044  0.19525  9.75971  0.26054  0.19548  2.90970 11.31551  0.77562  0.00010  0.26462  0.40318  0.47030
   4   5855.63046 x   0.00973  0.00585  0.02093  0.03151  0.00493  0.00190  0.04168  0.03204  0.10005  0.01869  0.02784  0.00258  0.02012  0.01590  0.01540  0.00000  0.00766  0.00892  0.00126  0.00126  0.03081  0.00241  0.00757  0.00384  0.00422  0.00712  0.01061  0.01569  0.00784  0.02032  0.00506  0.00124  0.00257  0.00371  0.00383  0.00504  0.00637  0.00382  0.00133  0.00376  0.00380  0.00257  0.00000  0.00254  0.00000  4.36995  0.01988  0.53843  0.09904  0.51601  0.31347  0.53886  0.39326  0.29270  0.60350  0.78017  0.38070  0.39389  0.29038  0.14180  0.27644  6.85863  0.39100  0.52191  8.03300  7.82327  0.74410  0.00010  2.76040  0.19602  0.78036  1.11274  1.67672  0.25915  0.70766  1.11830 10.47432  7.98825  0.00010  0.79467  0.19645  9.76632  0.26213  0.19668  2.91935 11.31923  0.78114  0.00010  0.26462  0.39362  0.47030
   5   5854.93263 x   0.00948  0.00610  0.02094  0.03127  0.00519  0.00185  0.04172  0.03206  0.10007  0.01869  0.02784  0.00258  0.02012  0.01590  0.01540  0.00000  0.00766  0.00892  0.00125  0.00126  0.03081  0.00241  0.00758  0.00384  0.00422  0.00713  0.01059  0.01569  0.00776  0.02039  0.00506  0.00124  0.00257  0.00379  0.00383  0.00503  0.00637  0.00383  0.00126  0.00376  0.00380  0.00257  0.00000  0.00254  0.00000  4.37372  0.00691  0.58147  0.09892  0.50009  0.34619  0.62634  0.39120  0.29318  0.60288  0.78118  0.38209  0.38440  0.28935  0.14243  0.27691  6.87126  0.39133  0.52310 999.00000 999.00000  0.74242  0.00010  1.97533  0.19618  0.78118  1.07161  1.81357  0.25932  0.73667  1.10106 999.00000 999.00000  0.00010  0.78691  0.19661 999.00000  0.26228  0.19670 999.00000 999.00000  0.79149  0.00010  0.20921  0.39397  0.44222
   6   5854.92188 x   0.00934  0.00625  0.02094  0.03113  0.00534  0.00185  0.04172  0.03206  0.10008  0.01869  0.02784  0.00258  0.02012  0.01590  0.01540  0.00000  0.00766  0.00892  0.00125  0.00126  0.03080  0.00241  0.00758  0.00384  0.00422  0.00713  0.01059  0.01569  0.00776  0.02039  0.00506  0.00124  0.00257  0.00379  0.00383  0.00503  0.00637  0.00383  0.00126  0.00376  0.00380  0.00257  0.00000  0.00254  0.00000  4.37346  0.00010  0.58708  0.09952  0.49289  0.35839  0.62711  0.39115  0.29251  0.60232  0.78145  0.38204  0.38438  0.28926  0.14235  0.27683  6.87126  0.39125  0.52298 999.00000 999.00000  0.74214  0.00010  1.97530  0.19617  0.78117  1.07156  1.81354  0.25933  0.73676  1.10107 999.00000 999.00000  0.00010  0.78683  0.19648 999.00000  0.26214  0.19665 999.00000 999.00000  0.79150  0.00010  0.20921  0.39401  0.44222
   7   5854.92121 x   0.00934  0.00625  0.02094  0.03112  0.00534  0.00185  0.04173  0.03206  0.10008  0.01869  0.02784  0.00258  0.02011  0.01590  0.01540  0.00000  0.00766  0.00892  0.00125  0.00126  0.03080  0.00241  0.00758  0.00384  0.00422  0.00713  0.01059  0.01569  0.00776  0.02039  0.00506  0.00124  0.00257  0.00379  0.00383  0.00503  0.00637  0.00383  0.00126  0.00376  0.00380  0.00257  0.00000  0.00254  0.00000  4.37311  0.00010  0.59611  0.09908  0.49714  0.36704  0.62852  0.39092  0.29244  0.60226  0.78180  0.38206  0.38435  0.28928  0.14302  0.27685  6.87126  0.39123  0.52288 999.00000 999.00000  0.74196  0.00010  1.97524  0.19617  0.78114  1.07145  1.81348  0.25931  0.73686  1.10108 999.00000 999.00000  0.00010  0.78669  0.19654 999.00000  0.26221  0.19667 999.00000 999.00000  0.79151  0.00010  0.20920  0.39405  0.44222
   8   5854.92103 x   0.00934  0.00624  0.02094  0.03112  0.00534  0.00184  0.04173  0.03206  0.10008  0.01869  0.02784  0.00258  0.02011  0.01590  0.01540  0.00000  0.00766  0.00892  0.00125  0.00126  0.03080  0.00241  0.00758  0.00384  0.00422  0.00713  0.01059  0.01569  0.00776  0.02039  0.00506  0.00124  0.00257  0.00379  0.00383  0.00503  0.00637  0.00383  0.00126  0.00376  0.00380  0.00257  0.00000  0.00254  0.00000  4.37361  0.00010  0.60340  0.09907  0.49593  0.36640  0.64024  0.39114  0.29291  0.60273  0.78203  0.38207  0.38433  0.28932  0.14242  0.27688  6.87126  0.39124  0.52289 999.00000 999.00000  0.74192  0.00010  1.97443  0.19618  0.78104  1.07094  1.81283  0.25933  0.73701  1.10109 999.00000 999.00000  0.00010  0.78614  0.19653 999.00000  0.26219  0.19667 999.00000 999.00000  0.79156  0.00010  0.20920  0.39408  0.44222
   9   5854.92103 x   0.00934  0.00624  0.02094  0.03112  0.00534  0.00184  0.04173  0.03206  0.10008  0.01869  0.02784  0.00258  0.02011  0.01590  0.01540  0.00000  0.00766  0.00892  0.00125  0.00126  0.03080  0.00241  0.00758  0.00384  0.00422  0.00713  0.01059  0.01569  0.00776  0.02039  0.00506  0.00124  0.00257  0.00379  0.00383  0.00503  0.00637  0.00383  0.00126  0.00376  0.00380  0.00257  0.00000  0.00254  0.00000  4.37366  0.00010  0.60347  0.09907  0.49594  0.36638  0.64162  0.39112  0.29289  0.60273  0.78207  0.38207  0.38435  0.28932  0.14242  0.27688  6.87126  0.39124  0.52289 999.00000 999.00000  0.74191  0.00010  1.97420  0.19618  0.78104  1.07101  1.81275  0.25932  0.73709  1.10114 999.00000 999.00000  0.00010  0.78614  0.19652 999.00000  0.26220  0.19666 999.00000 999.00000  0.79156  0.00010  0.20920  0.39409  0.44222
