

NSsites Model 0: one-ratio

TREE # 1
   1   5887.61439 x   0.01020  0.00513  0.02061  0.03256  0.00204  0.00215  0.04159  0.03159  0.10016  0.01993  0.02783  0.00127  0.01994  0.01582  0.01529  0.00000  0.00765  0.00893  0.00127  0.00127  0.03047  0.00213  0.00767  0.00382  0.00423  0.00566  0.01102  0.01545  0.00824  0.02029  0.00510  0.00125  0.00335  0.00277  0.00379  0.00508  0.00636  0.00380  0.00147  0.00298  0.00463  0.00253  0.00000  0.00253  0.00000  4.29267  0.45882
   2   5886.72119 x   0.01017  0.00517  0.02049  0.03244  0.00310  0.00210  0.04159  0.03162  0.10021  0.01985  0.02779  0.00192  0.01995  0.01581  0.01532  0.00000  0.00765  0.00893  0.00127  0.00127  0.03050  0.00212  0.00769  0.00383  0.00424  0.00684  0.01075  0.01561  0.00823  0.02031  0.00510  0.00125  0.00334  0.00278  0.00381  0.00510  0.00636  0.00380  0.00147  0.00298  0.00464  0.00253  0.00000  0.00253  0.00000  4.36400  0.45356
   3   5886.54428 x   0.01012  0.00522  0.02042  0.03234  0.00388  0.00207  0.04158  0.03163  0.10021  0.01983  0.02777  0.00242  0.01995  0.01580  0.01532  0.00000  0.00765  0.00893  0.00127  0.00127  0.03051  0.00211  0.00770  0.00383  0.00424  0.00715  0.01070  0.01561  0.00823  0.02031  0.00510  0.00125  0.00334  0.00277  0.00381  0.00510  0.00636  0.00380  0.00147  0.00298  0.00464  0.00253  0.00000  0.00253  0.00000  4.36537  0.45350
   4   5886.53447 x   0.01008  0.00526  0.02039  0.03228  0.00413  0.00206  0.04157  0.03164  0.10021  0.01982  0.02775  0.00258  0.01995  0.01580  0.01532  0.00000  0.00765  0.00893  0.00127  0.00127  0.03051  0.00211  0.00770  0.00383  0.00424  0.00717  0.01069  0.01561  0.00823  0.02031  0.00510  0.00125  0.00334  0.00277  0.00381  0.00510  0.00636  0.00380  0.00147  0.00298  0.00464  0.00253  0.00000  0.00253  0.00000  4.36613  0.45350
   5   5886.53447 x   0.01008  0.00526  0.02039  0.03228  0.00413  0.00206  0.04157  0.03164  0.10021  0.01982  0.02775  0.00258  0.01995  0.01580  0.01532  0.00000  0.00765  0.00893  0.00127  0.00127  0.03051  0.00211  0.00770  0.00383  0.00424  0.00717  0.01069  0.01561  0.00823  0.02031  0.00510  0.00125  0.00334  0.00277  0.00381  0.00510  0.00636  0.00380  0.00147  0.00298  0.00464  0.00253  0.00000  0.00253  0.00000  4.36630  0.45349
   6   5886.53447 x   0.01008  0.00526  0.02039  0.03228  0.00413  0.00206  0.04157  0.03164  0.10021  0.01982  0.02775  0.00258  0.01995  0.01580  0.01532  0.00000  0.00765  0.00893  0.00127  0.00127  0.03051  0.00211  0.00770  0.00383  0.00424  0.00717  0.01069  0.01561  0.00823  0.02031  0.00510  0.00125  0.00334  0.00277  0.00381  0.00510  0.00636  0.00380  0.00147  0.00298  0.00464  0.00253  0.00000  0.00253  0.00000  4.36635  0.45350


NSsites Model 1: NearlyNeutral

TREE # 1
   1   5840.04702 x   0.01018  0.00509  0.02069  0.03257  0.00220  0.00187  0.04197  0.03185  0.10271  0.01990  0.02796  0.00134  0.01985  0.01589  0.01526  0.00000  0.00764  0.00893  0.00127  0.00127  0.03085  0.00214  0.00768  0.00383  0.00423  0.00575  0.01103  0.01594  0.00825  0.02044  0.00513  0.00123  0.00336  0.00276  0.00379  0.00509  0.00637  0.00380  0.00147  0.00297  0.00464  0.00253  0.00000  0.00253  0.00000  4.07766  0.63898  0.00000
   2   5839.27905 x   0.01016  0.00515  0.02060  0.03251  0.00328  0.00179  0.04206  0.03196  0.10300  0.01981  0.02796  0.00200  0.01990  0.01591  0.01533  0.00000  0.00766  0.00895  0.00127  0.00127  0.03096  0.00213  0.00773  0.00384  0.00424  0.00688  0.01079  0.01616  0.00824  0.02048  0.00513  0.00124  0.00335  0.00278  0.00382  0.00510  0.00637  0.00381  0.00147  0.00298  0.00465  0.00253  0.00000  0.00253  0.00000  4.10799  0.63902  0.00000
   3   5839.13952 x   0.01013  0.00520  0.02056  0.03244  0.00401  0.00174  0.04210  0.03200  0.10313  0.01980  0.02795  0.00246  0.01991  0.01592  0.01534  0.00000  0.00767  0.00896  0.00127  0.00127  0.03100  0.00212  0.00774  0.00385  0.00424  0.00716  0.01074  0.01618  0.00825  0.02050  0.00514  0.00124  0.00335  0.00278  0.00382  0.00511  0.00638  0.00381  0.00148  0.00298  0.00465  0.00253  0.00000  0.00254  0.00000  4.11032  0.63812  0.00000
   4   5839.13307 x   0.01010  0.00524  0.02054  0.03240  0.00422  0.00173  0.04212  0.03202  0.10318  0.01979  0.02795  0.00259  0.01992  0.01592  0.01535  0.00000  0.00767  0.00896  0.00127  0.00127  0.03101  0.00212  0.00774  0.00385  0.00425  0.00718  0.01074  0.01618  0.00825  0.02051  0.00514  0.00124  0.00335  0.00278  0.00382  0.00511  0.00638  0.00381  0.00148  0.00298  0.00465  0.00254  0.00000  0.00254  0.00000  4.11151  0.63771  0.00000
   5   5839.13306 x   0.01010  0.00524  0.02054  0.03240  0.00422  0.00173  0.04212  0.03202  0.10318  0.01979  0.02795  0.00259  0.01992  0.01593  0.01535  0.00000  0.00767  0.00896  0.00127  0.00127  0.03101  0.00212  0.00774  0.00385  0.00425  0.00718  0.01074  0.01618  0.00825  0.02051  0.00514  0.00124  0.00335  0.00278  0.00382  0.00511  0.00638  0.00382  0.00148  0.00298  0.00465  0.00254  0.00000  0.00254  0.00000  4.11183  0.63760  0.00000
   6   5839.13306 x   0.01010  0.00524  0.02054  0.03240  0.00422  0.00173  0.04212  0.03202  0.10318  0.01979  0.02795  0.00259  0.01992  0.01593  0.01535  0.00000  0.00767  0.00896  0.00127  0.00127  0.03101  0.00212  0.00774  0.00385  0.00425  0.00718  0.01074  0.01618  0.00825  0.02051  0.00514  0.00124  0.00335  0.00278  0.00382  0.00511  0.00638  0.00382  0.00148  0.00298  0.00465  0.00254  0.00000  0.00254  0.00000  4.11183  0.63760  0.00000


NSsites Model 2: PositiveSelection

TREE # 1
   1   5832.19772 x   0.01007  0.00505  0.02059  0.03226  0.00206  0.00186  0.04175  0.03161  0.10342  0.01963  0.02785  0.00133  0.01962  0.01587  0.01515  0.00000  0.00760  0.00889  0.00126  0.00126  0.03093  0.00217  0.00765  0.00382  0.00421  0.00564  0.01101  0.01602  0.00819  0.02049  0.00516  0.00119  0.00334  0.00275  0.00378  0.00507  0.00634  0.00379  0.00147  0.00296  0.00462  0.00252  0.00000  0.00252  0.00000  4.07586  1.98259  0.34094  0.06427  2.32854
   2   5829.01622 x   0.01011  0.00514  0.02065  0.03233  0.00315  0.00183  0.04218  0.03191  0.10534  0.01969  0.02806  0.00200  0.01980  0.01602  0.01532  0.00000  0.00767  0.00899  0.00127  0.00127  0.03130  0.00219  0.00775  0.00385  0.00425  0.00688  0.01085  0.01649  0.00827  0.02086  0.00530  0.00109  0.00334  0.00278  0.00383  0.00514  0.00640  0.00383  0.00147  0.00298  0.00468  0.00254  0.00000  0.00254  0.00000  4.48102  3.13996  2.51679  0.00000  4.95369
   3   5828.82959 x   0.01012  0.00521  0.02070  0.03240  0.00398  0.00178  0.04240  0.03209  0.10589  0.01972  0.02816  0.00248  0.01988  0.01609  0.01538  0.00000  0.00770  0.00903  0.00128  0.00128  0.03145  0.00218  0.00778  0.00387  0.00426  0.00723  0.01082  0.01656  0.00830  0.02095  0.00534  0.00110  0.00335  0.00279  0.00385  0.00516  0.00642  0.00384  0.00148  0.00298  0.00470  0.00254  0.00000  0.00254  0.00000  4.48399  3.11202  2.49454  0.00000  4.97120
   4   5828.81729 x   0.01010  0.00527  0.02073  0.03242  0.00429  0.00176  0.04250  0.03217  0.10613  0.01973  0.02820  0.00263  0.01991  0.01612  0.01541  0.00000  0.00772  0.00905  0.00128  0.00128  0.03151  0.00218  0.00780  0.00388  0.00427  0.00726  0.01083  0.01658  0.00831  0.02098  0.00534  0.00110  0.00336  0.00279  0.00385  0.00516  0.00643  0.00385  0.00148  0.00298  0.00471  0.00255  0.00000  0.00255  0.00000  4.49487  3.09932  2.48490  0.00000  4.98137
   5   5828.81711 x   0.01010  0.00527  0.02074  0.03243  0.00429  0.00176  0.04252  0.03218  0.10617  0.01974  0.02821  0.00263  0.01992  0.01612  0.01542  0.00000  0.00772  0.00905  0.00128  0.00128  0.03152  0.00218  0.00780  0.00388  0.00427  0.00726  0.01083  0.01659  0.00831  0.02099  0.00535  0.00110  0.00336  0.00279  0.00385  0.00516  0.00643  0.00385  0.00148  0.00299  0.00471  0.00255  0.00000  0.00255  0.00000  4.49553  3.09740  2.48446  0.00000  4.99398
   6   5828.81711 x   0.01010  0.00527  0.02074  0.03244  0.00429  0.00176  0.04252  0.03218  0.10618  0.01974  0.02821  0.00263  0.01992  0.01612  0.01542  0.00000  0.00772  0.00905  0.00128  0.00128  0.03153  0.00218  0.00780  0.00388  0.00427  0.00726  0.01083  0.01659  0.00831  0.02099  0.00535  0.00110  0.00336  0.00279  0.00385  0.00516  0.00643  0.00385  0.00148  0.00299  0.00471  0.00255  0.00000  0.00255  0.00000  4.49561  3.09683  2.48401  0.00000  4.99434
   7   5828.81711 x   0.01010  0.00527  0.02074  0.03244  0.00429  0.00176  0.04252  0.03219  0.10618  0.01974  0.02821  0.00263  0.01992  0.01612  0.01542  0.00000  0.00772  0.00905  0.00128  0.00128  0.03153  0.00218  0.00780  0.00388  0.00427  0.00726  0.01083  0.01659  0.00831  0.02099  0.00535  0.00110  0.00336  0.00279  0.00385  0.00516  0.00643  0.00385  0.00148  0.00299  0.00471  0.00255  0.00000  0.00255  0.00000  4.49564  3.09671  2.48391  0.00000  4.99446
   8   5828.81711 x   0.01010  0.00527  0.02074  0.03244  0.00429  0.00176  0.04252  0.03219  0.10618  0.01974  0.02821  0.00263  0.01992  0.01612  0.01542  0.00000  0.00772  0.00905  0.00128  0.00128  0.03153  0.00218  0.00780  0.00388  0.00427  0.00726  0.01083  0.01659  0.00831  0.02099  0.00535  0.00110  0.00336  0.00279  0.00385  0.00516  0.00643  0.00385  0.00148  0.00299  0.00471  0.00255  0.00000  0.00255  0.00000  4.49562  3.09670  2.48392  0.00000  4.99457


NSsites Model 7: beta

TREE # 1
   1   5864.07229 x   0.01028  0.00516  0.02083  0.03283  0.00201  0.00213  0.04201  0.03189  0.10162  0.02012  0.02810  0.00129  0.02006  0.01597  0.01540  0.00000  0.00771  0.00900  0.00128  0.00128  0.03078  0.00216  0.00774  0.00386  0.00427  0.00566  0.01113  0.01572  0.00831  0.02051  0.00516  0.00125  0.00338  0.00279  0.00383  0.00513  0.00641  0.00383  0.00149  0.00301  0.00467  0.00255  0.00000  0.00255  0.00000  3.55346  0.83381  1.21266
   2   5840.22052 x   0.01030  0.00521  0.02087  0.03293  0.00310  0.00187  0.04253  0.03231  0.10397  0.02015  0.02833  0.00196  0.02018  0.01612  0.01554  0.00000  0.00776  0.00907  0.00129  0.00129  0.03131  0.00217  0.00783  0.00389  0.00430  0.00692  0.01095  0.01632  0.00835  0.02076  0.00520  0.00126  0.00339  0.00282  0.00387  0.00518  0.00646  0.00387  0.00149  0.00302  0.00471  0.00257  0.00000  0.00257  0.00000  3.97309  0.01838  0.02872
   3   5839.79207 x   0.01027  0.00526  0.02082  0.03287  0.00396  0.00180  0.04261  0.03239  0.10424  0.02006  0.02832  0.00246  0.02018  0.01613  0.01555  0.00000  0.00777  0.00908  0.00129  0.00129  0.03137  0.00216  0.00784  0.00390  0.00430  0.00725  0.01089  0.01635  0.00835  0.02076  0.00520  0.00125  0.00339  0.00282  0.00387  0.00518  0.00646  0.00387  0.00149  0.00302  0.00471  0.00257  0.00000  0.00257  0.00000  4.20339  0.00500  0.00754
   4   5839.77988 x   0.01023  0.00531  0.02080  0.03281  0.00427  0.00178  0.04262  0.03241  0.10429  0.02005  0.02831  0.00263  0.02019  0.01613  0.01555  0.00000  0.00777  0.00908  0.00129  0.00129  0.03139  0.00215  0.00784  0.00390  0.00430  0.00727  0.01088  0.01635  0.00835  0.02077  0.00520  0.00125  0.00339  0.00282  0.00387  0.00518  0.00646  0.00387  0.00150  0.00302  0.00471  0.00257  0.00000  0.00257  0.00000  4.20189  0.00500  0.00754
   5   5839.77988 x   0.01023  0.00531  0.02080  0.03281  0.00427  0.00178  0.04262  0.03241  0.10429  0.02005  0.02831  0.00263  0.02019  0.01613  0.01555  0.00000  0.00777  0.00908  0.00129  0.00129  0.03139  0.00215  0.00784  0.00390  0.00430  0.00727  0.01088  0.01635  0.00835  0.02077  0.00520  0.00125  0.00339  0.00282  0.00387  0.00518  0.00646  0.00387  0.00150  0.00302  0.00471  0.00257  0.00000  0.00257  0.00000  4.20199  0.00500  0.00754


NSsites Model 8: beta&w>1

TREE # 1
   1   5831.20655 x   0.01006  0.00506  0.02062  0.03224  0.00203  0.00189  0.04181  0.03162  0.10402  0.01954  0.02788  0.00132  0.01959  0.01591  0.01515  0.00000  0.00761  0.00891  0.00126  0.00126  0.03107  0.00218  0.00766  0.00382  0.00421  0.00567  0.01102  0.01604  0.00820  0.02056  0.00519  0.00116  0.00334  0.00275  0.00378  0.00508  0.00635  0.00379  0.00147  0.00296  0.00463  0.00252  0.00000  0.00252  0.00000  4.41278  0.91079  0.25204  0.89093  2.77887
   2   5829.86612 x   0.01015  0.00516  0.02075  0.03245  0.00312  0.00186  0.04229  0.03199  0.10538  0.01966  0.02816  0.00199  0.01984  0.01609  0.01537  0.00000  0.00770  0.00902  0.00128  0.00127  0.03147  0.00220  0.00778  0.00387  0.00426  0.00691  0.01087  0.01644  0.00828  0.02084  0.00527  0.00115  0.00336  0.00279  0.00384  0.00515  0.00642  0.00384  0.00148  0.00299  0.00469  0.00255  0.00000  0.00255  0.00000  4.48752  0.93817  0.19257  0.49144  3.38358
   3   5829.35877 x   0.01015  0.00522  0.02076  0.03249  0.00397  0.00177  0.04246  0.03215  0.10574  0.01970  0.02822  0.00248  0.01991  0.01613  0.01542  0.00000  0.00772  0.00904  0.00128  0.00128  0.03154  0.00219  0.00780  0.00388  0.00427  0.00723  0.01083  0.01651  0.00830  0.02089  0.00529  0.00115  0.00337  0.00280  0.00385  0.00516  0.00643  0.00385  0.00148  0.00299  0.00470  0.00255  0.00000  0.00255  0.00000  4.46020  0.94638  0.08443  0.19433  3.49648
   4   5829.21342 x   0.01013  0.00526  0.02075  0.03248  0.00426  0.00175  0.04251  0.03219  0.10583  0.01972  0.02823  0.00262  0.01993  0.01614  0.01543  0.00000  0.00773  0.00905  0.00128  0.00128  0.03155  0.00219  0.00781  0.00388  0.00428  0.00726  0.01084  0.01653  0.00831  0.02091  0.00530  0.00115  0.00337  0.00280  0.00385  0.00516  0.00643  0.00385  0.00148  0.00299  0.00471  0.00255  0.00000  0.00255  0.00000  4.45986  0.95511  0.04694  0.09777  3.73788
   5   5828.91031 x   0.01011  0.00528  0.02076  0.03245  0.00429  0.00178  0.04254  0.03219  0.10622  0.01972  0.02823  0.00263  0.01992  0.01614  0.01542  0.00000  0.00773  0.00905  0.00128  0.00128  0.03156  0.00218  0.00781  0.00388  0.00428  0.00727  0.01084  0.01657  0.00831  0.02099  0.00534  0.00111  0.00336  0.00279  0.00385  0.00517  0.00643  0.00385  0.00148  0.00299  0.00471  0.00255  0.00000  0.00255  0.00000  4.48662  0.96727  0.02052  0.03931  4.68842
   6   5828.91027 x   0.01011  0.00528  0.02076  0.03246  0.00429  0.00178  0.04254  0.03219  0.10623  0.01972  0.02823  0.00263  0.01992  0.01614  0.01542  0.00000  0.00773  0.00905  0.00128  0.00128  0.03157  0.00219  0.00781  0.00388  0.00428  0.00727  0.01084  0.01657  0.00832  0.02099  0.00534  0.00111  0.00336  0.00279  0.00386  0.00517  0.00643  0.00385  0.00148  0.00299  0.00471  0.00255  0.00000  0.00255  0.00000  4.48671  0.96727  0.02052  0.03929  4.69592
   7   5828.91027 x   0.01011  0.00528  0.02076  0.03246  0.00429  0.00178  0.04254  0.03219  0.10624  0.01972  0.02823  0.00263  0.01992  0.01614  0.01542  0.00000  0.00773  0.00905  0.00128  0.00128  0.03157  0.00219  0.00781  0.00388  0.00428  0.00727  0.01084  0.01657  0.00832  0.02099  0.00534  0.00111  0.00336  0.00279  0.00386  0.00517  0.00643  0.00385  0.00148  0.00299  0.00471  0.00255  0.00000  0.00255  0.00000  4.48671  0.96727  0.02052  0.03929  4.69592
   8   5828.91027 x   0.01011  0.00528  0.02076  0.03246  0.00429  0.00178  0.04254  0.03219  0.10624  0.01972  0.02823  0.00263  0.01992  0.01614  0.01542  0.00000  0.00773  0.00905  0.00128  0.00128  0.03157  0.00219  0.00781  0.00388  0.00428  0.00727  0.01084  0.01657  0.00832  0.02099  0.00534  0.00111  0.00336  0.00279  0.00386  0.00517  0.00643  0.00385  0.00148  0.00299  0.00471  0.00255  0.00000  0.00255  0.00000  4.48671  0.96727  0.02052  0.03929  4.69592
   9   5828.91008 x   0.01011  0.00528  0.02076  0.03246  0.00429  0.00178  0.04254  0.03219  0.10624  0.01972  0.02823  0.00263  0.01992  0.01614  0.01542  0.00000  0.00773  0.00905  0.00128  0.00128  0.03157  0.00219  0.00781  0.00388  0.00428  0.00727  0.01084  0.01657  0.00832  0.02099  0.00534  0.00111  0.00336  0.00279  0.00386  0.00517  0.00643  0.00385  0.00148  0.00299  0.00471  0.00255  0.00000  0.00255  0.00000  4.48685  0.96727  0.01770  0.03376  4.69664
  10   5828.91008 x   0.01011  0.00528  0.02076  0.03246  0.00429  0.00178  0.04254  0.03219  0.10624  0.01972  0.02823  0.00263  0.01992  0.01614  0.01542  0.00000  0.00773  0.00905  0.00128  0.00128  0.03157  0.00219  0.00781  0.00388  0.00428  0.00727  0.01084  0.01657  0.00832  0.02099  0.00534  0.00111  0.00336  0.00279  0.00386  0.00517  0.00643  0.00385  0.00148  0.00299  0.00471  0.00255  0.00000  0.00255  0.00000  4.48689  0.96727  0.01770  0.03376  4.69701
