

TREE # 1
   1   9195.86774 x   0.00366  0.00327  0.02183  0.02448  0.00111  0.00275  0.02027  0.03765  0.05840  0.01045  0.02057  0.00318  0.01600  0.00675  0.00947  0.00094  0.00477  0.00232  0.00000  0.00041  0.01778  0.00635  0.00998  0.00195  0.00000  0.00268  0.01300  0.00855  0.00803  0.00569  0.00285  0.00213  0.00056  0.00068  0.00207  0.00212  0.00039  0.00095  0.00000  0.00414  0.00320  0.00597  0.00222  2.95226  0.89028  1.22751  6.92978  2.00737
   2   9186.37101 x   0.00364  0.00324  0.02173  0.02439  0.00105  0.00292  0.02017  0.03758  0.05868  0.01048  0.02051  0.00306  0.01590  0.00675  0.00938  0.00123  0.00472  0.00230  0.00000  0.00058  0.01772  0.00630  0.00991  0.00199  0.00000  0.00278  0.01293  0.00848  0.00800  0.00566  0.00282  0.00210  0.00067  0.00070  0.00211  0.00211  0.00057  0.00125  0.00000  0.00422  0.00336  0.00591  0.00221  4.02116  0.92532  1.23597  7.09200  3.11976
   3   9186.27217 x   0.00364  0.00324  0.02175  0.02440  0.00105  0.00294  0.02017  0.03760  0.05871  0.01050  0.02053  0.00306  0.01591  0.00675  0.00937  0.00134  0.00472  0.00230  0.00000  0.00068  0.01773  0.00630  0.00991  0.00199  0.00000  0.00278  0.01294  0.00849  0.00801  0.00566  0.00282  0.00211  0.00070  0.00070  0.00211  0.00211  0.00068  0.00139  0.00000  0.00422  0.00338  0.00591  0.00221  4.06694  0.92983  1.32156  7.06808  3.23697
   4   9185.04056 x   0.00364  0.00324  0.02171  0.02435  0.00112  0.00290  0.02017  0.03758  0.05860  0.01048  0.02052  0.00308  0.01591  0.00673  0.00937  0.00137  0.00473  0.00230  0.00000  0.00070  0.01773  0.00630  0.00991  0.00200  0.00000  0.00278  0.01294  0.00848  0.00798  0.00565  0.00282  0.00210  0.00070  0.00070  0.00211  0.00211  0.00071  0.00140  0.00000  0.00422  0.00338  0.00591  0.00221  4.02737  0.95749  0.08184  0.29352  3.42788
   5   9177.34948 x   0.00380  0.00326  0.02207  0.02465  0.00127  0.00291  0.02049  0.03811  0.06030  0.01076  0.02104  0.00301  0.01608  0.00690  0.00947  0.00141  0.00479  0.00232  0.00000  0.00071  0.01846  0.00636  0.00994  0.00208  0.00000  0.00280  0.01330  0.00853  0.00808  0.00570  0.00277  0.00211  0.00070  0.00070  0.00211  0.00211  0.00071  0.00140  0.00000  0.00422  0.00353  0.00620  0.00228  4.02431  0.99620  0.00500  0.01197 17.45482
   6   9177.31844 x   0.00383  0.00328  0.02221  0.02480  0.00128  0.00293  0.02062  0.03836  0.06071  0.01081  0.02117  0.00303  0.01618  0.00694  0.00953  0.00141  0.00482  0.00234  0.00000  0.00071  0.01860  0.00640  0.01001  0.00209  0.00000  0.00282  0.01339  0.00858  0.00813  0.00573  0.00279  0.00212  0.00070  0.00070  0.00212  0.00212  0.00071  0.00141  0.00000  0.00425  0.00355  0.00624  0.00229  4.02410  0.99586  0.00500  0.01171 17.45495
   7   9177.31462 x   0.00384  0.00328  0.02226  0.02485  0.00128  0.00294  0.02066  0.03844  0.06085  0.01083  0.02122  0.00303  0.01621  0.00695  0.00955  0.00142  0.00483  0.00234  0.00000  0.00071  0.01864  0.00641  0.01003  0.00210  0.00000  0.00282  0.01341  0.00860  0.00814  0.00574  0.00279  0.00212  0.00071  0.00070  0.00212  0.00212  0.00071  0.00141  0.00000  0.00425  0.00356  0.00626  0.00230  4.01768  0.99578  0.00500  0.01148 17.58449
   8   9177.31378 x   0.00384  0.00329  0.02228  0.02487  0.00129  0.00294  0.02068  0.03847  0.06091  0.01084  0.02123  0.00303  0.01622  0.00696  0.00955  0.00142  0.00484  0.00234  0.00000  0.00072  0.01865  0.00641  0.01003  0.00210  0.00000  0.00283  0.01343  0.00861  0.00815  0.00575  0.00279  0.00212  0.00071  0.00071  0.00212  0.00213  0.00072  0.00141  0.00000  0.00426  0.00356  0.00626  0.00230  4.02112  0.99577  0.00500  0.01176 17.72298
   9   9177.31371 x   0.00384  0.00329  0.02228  0.02488  0.00129  0.00294  0.02068  0.03848  0.06093  0.01084  0.02124  0.00303  0.01623  0.00696  0.00956  0.00142  0.00484  0.00234  0.00000  0.00072  0.01866  0.00641  0.01004  0.00210  0.00000  0.00283  0.01343  0.00861  0.00815  0.00575  0.00280  0.00212  0.00071  0.00071  0.00213  0.00213  0.00072  0.00142  0.00000  0.00426  0.00356  0.00626  0.00230  4.02135  0.99575  0.00500  0.01175 17.72991
  10   9177.31371 x   0.00384  0.00329  0.02228  0.02488  0.00129  0.00294  0.02068  0.03848  0.06094  0.01084  0.02124  0.00303  0.01623  0.00696  0.00956  0.00142  0.00484  0.00234  0.00000  0.00072  0.01866  0.00642  0.01004  0.00210  0.00000  0.00283  0.01343  0.00861  0.00815  0.00575  0.00280  0.00212  0.00071  0.00071  0.00213  0.00213  0.00072  0.00142  0.00000  0.00426  0.00356  0.00627  0.00230  4.02134  0.99575  0.00500  0.01176 17.72991
  11   9177.31370 x   0.00384  0.00329  0.02229  0.02488  0.00129  0.00294  0.02068  0.03848  0.06094  0.01084  0.02124  0.00303  0.01623  0.00696  0.00956  0.00142  0.00484  0.00234  0.00000  0.00072  0.01866  0.00642  0.01004  0.00210  0.00000  0.00283  0.01343  0.00861  0.00815  0.00575  0.00280  0.00212  0.00071  0.00071  0.00213  0.00213  0.00072  0.00142  0.00000  0.00426  0.00356  0.00627  0.00230  4.02126  0.99574  0.00500  0.01176 17.73322
  12   9177.31370 x   0.00384  0.00329  0.02229  0.02489  0.00129  0.00294  0.02068  0.03849  0.06094  0.01084  0.02124  0.00303  0.01623  0.00696  0.00956  0.00142  0.00484  0.00234  0.00000  0.00072  0.01866  0.00642  0.01004  0.00210  0.00000  0.00283  0.01343  0.00861  0.00815  0.00575  0.00280  0.00212  0.00071  0.00071  0.00213  0.00213  0.00072  0.00142  0.00000  0.00426  0.00356  0.00627  0.00230  4.02127  0.99574  0.00500  0.01176 17.73322
  13   9177.31370 x   0.00384  0.00329  0.02229  0.02489  0.00129  0.00294  0.02068  0.03849  0.06094  0.01084  0.02124  0.00303  0.01623  0.00696  0.00956  0.00142  0.00484  0.00234  0.00000  0.00072  0.01866  0.00642  0.01004  0.00210  0.00000  0.00283  0.01343  0.00861  0.00815  0.00575  0.00280  0.00212  0.00071  0.00071  0.00213  0.00213  0.00072  0.00142  0.00000  0.00426  0.00356  0.00627  0.00230  4.02127  0.99574  0.00500  0.01176 17.73322
