

Model 0: one-ratio

TREE # 1
   1   5887.61439 x   0.01020  0.00513  0.02061  0.03256  0.00204  0.00215  0.04159  0.03159  0.10016  0.01993  0.02783  0.00127  0.01994  0.01582  0.01529  0.00000  0.00765  0.00893  0.00127  0.00127  0.03047  0.00213  0.00767  0.00382  0.00423  0.00566  0.01102  0.01545  0.00824  0.02029  0.00510  0.00125  0.00335  0.00277  0.00379  0.00508  0.00636  0.00380  0.00147  0.00298  0.00463  0.00253  0.00000  0.00253  0.00000  4.29266  0.45882
   2   5886.72119 x   0.01017  0.00517  0.02049  0.03244  0.00310  0.00210  0.04159  0.03162  0.10021  0.01985  0.02779  0.00192  0.01995  0.01581  0.01532  0.00000  0.00765  0.00893  0.00127  0.00127  0.03050  0.00212  0.00769  0.00383  0.00424  0.00684  0.01075  0.01561  0.00823  0.02031  0.00510  0.00125  0.00334  0.00278  0.00381  0.00510  0.00636  0.00380  0.00147  0.00298  0.00464  0.00253  0.00000  0.00253  0.00000  4.36399  0.45357
   3   5886.54428 x   0.01012  0.00522  0.02042  0.03234  0.00388  0.00207  0.04158  0.03163  0.10021  0.01983  0.02777  0.00242  0.01995  0.01580  0.01532  0.00000  0.00765  0.00893  0.00127  0.00127  0.03051  0.00211  0.00770  0.00383  0.00424  0.00715  0.01070  0.01561  0.00823  0.02031  0.00510  0.00125  0.00334  0.00277  0.00381  0.00510  0.00636  0.00380  0.00147  0.00298  0.00464  0.00253  0.00000  0.00253  0.00000  4.36536  0.45351
   4   5886.53447 x   0.01008  0.00526  0.02039  0.03228  0.00413  0.00206  0.04157  0.03164  0.10021  0.01982  0.02775  0.00258  0.01995  0.01580  0.01532  0.00000  0.00765  0.00893  0.00127  0.00127  0.03051  0.00211  0.00770  0.00383  0.00424  0.00717  0.01069  0.01561  0.00823  0.02031  0.00510  0.00125  0.00334  0.00277  0.00381  0.00510  0.00636  0.00380  0.00147  0.00298  0.00464  0.00253  0.00000  0.00253  0.00000  4.36609  0.45348
   5   5886.53447 x   0.01008  0.00526  0.02039  0.03228  0.00413  0.00206  0.04157  0.03164  0.10021  0.01982  0.02775  0.00258  0.01995  0.01580  0.01532  0.00000  0.00765  0.00893  0.00127  0.00127  0.03051  0.00211  0.00770  0.00383  0.00424  0.00717  0.01069  0.01561  0.00823  0.02031  0.00510  0.00125  0.00334  0.00277  0.00381  0.00510  0.00636  0.00380  0.00147  0.00298  0.00464  0.00253  0.00000  0.00253  0.00000  4.36625  0.45349
   6   5886.53447 x   0.01008  0.00526  0.02039  0.03228  0.00413  0.00206  0.04157  0.03164  0.10021  0.01982  0.02775  0.00258  0.01995  0.01580  0.01532  0.00000  0.00765  0.00893  0.00127  0.00127  0.03051  0.00211  0.00770  0.00383  0.00424  0.00717  0.01069  0.01561  0.00823  0.02031  0.00510  0.00125  0.00334  0.00277  0.00381  0.00510  0.00636  0.00380  0.00147  0.00298  0.00464  0.00253  0.00000  0.00253  0.00000  4.36632  0.45350


Model 1: NearlyNeutral

TREE # 1
   1   5840.04702 x   0.01018  0.00509  0.02069  0.03257  0.00220  0.00187  0.04197  0.03185  0.10271  0.01990  0.02796  0.00134  0.01985  0.01589  0.01526  0.00000  0.00764  0.00893  0.00127  0.00127  0.03085  0.00214  0.00768  0.00383  0.00423  0.00575  0.01103  0.01594  0.00825  0.02044  0.00513  0.00123  0.00336  0.00276  0.00379  0.00509  0.00637  0.00380  0.00147  0.00297  0.00464  0.00253  0.00000  0.00253  0.00000  4.07765  0.63899  0.00000
   2   5839.27905 x   0.01016  0.00515  0.02060  0.03251  0.00328  0.00179  0.04206  0.03196  0.10300  0.01981  0.02796  0.00200  0.01990  0.01591  0.01533  0.00000  0.00766  0.00895  0.00127  0.00127  0.03096  0.00213  0.00773  0.00384  0.00424  0.00688  0.01079  0.01616  0.00824  0.02048  0.00513  0.00124  0.00335  0.00278  0.00382  0.00510  0.00637  0.00381  0.00147  0.00298  0.00465  0.00253  0.00000  0.00253  0.00000  4.10799  0.63902  0.00000
   3   5839.13952 x   0.01013  0.00520  0.02056  0.03244  0.00401  0.00174  0.04210  0.03200  0.10313  0.01980  0.02795  0.00246  0.01991  0.01592  0.01534  0.00000  0.00767  0.00896  0.00127  0.00127  0.03100  0.00212  0.00774  0.00385  0.00424  0.00716  0.01074  0.01618  0.00825  0.02050  0.00514  0.00124  0.00335  0.00278  0.00382  0.00511  0.00638  0.00381  0.00148  0.00298  0.00465  0.00253  0.00000  0.00254  0.00000  4.11032  0.63812  0.00000
   4   5839.13307 x   0.01010  0.00524  0.02054  0.03240  0.00422  0.00173  0.04212  0.03202  0.10318  0.01979  0.02795  0.00259  0.01992  0.01592  0.01535  0.00000  0.00767  0.00896  0.00127  0.00127  0.03101  0.00212  0.00774  0.00385  0.00425  0.00718  0.01074  0.01618  0.00825  0.02051  0.00514  0.00124  0.00335  0.00278  0.00382  0.00511  0.00638  0.00381  0.00148  0.00298  0.00465  0.00254  0.00000  0.00254  0.00000  4.11151  0.63771  0.00000
   5   5839.13306 x   0.01010  0.00524  0.02054  0.03240  0.00422  0.00173  0.04212  0.03202  0.10318  0.01979  0.02795  0.00259  0.01992  0.01593  0.01535  0.00000  0.00767  0.00896  0.00127  0.00127  0.03101  0.00212  0.00774  0.00385  0.00425  0.00718  0.01074  0.01618  0.00825  0.02051  0.00514  0.00124  0.00335  0.00278  0.00382  0.00511  0.00638  0.00382  0.00148  0.00298  0.00465  0.00254  0.00000  0.00254  0.00000  4.11183  0.63760  0.00000
   6   5839.13306 x   0.01010  0.00524  0.02054  0.03240  0.00422  0.00173  0.04212  0.03202  0.10318  0.01979  0.02795  0.00259  0.01992  0.01593  0.01535  0.00000  0.00767  0.00896  0.00127  0.00127  0.03101  0.00212  0.00774  0.00385  0.00425  0.00718  0.01074  0.01618  0.00825  0.02051  0.00514  0.00124  0.00335  0.00278  0.00382  0.00511  0.00638  0.00382  0.00148  0.00298  0.00465  0.00254  0.00000  0.00254  0.00000  4.11183  0.63760  0.00000


Model 2: PositiveSelection

TREE # 1
   1   5832.19776 x   0.01007  0.00505  0.02059  0.03226  0.00206  0.00186  0.04175  0.03161  0.10342  0.01963  0.02785  0.00133  0.01962  0.01587  0.01515  0.00000  0.00760  0.00889  0.00126  0.00126  0.03093  0.00217  0.00765  0.00381  0.00421  0.00564  0.01101  0.01602  0.00819  0.02049  0.00516  0.00119  0.00334  0.00275  0.00378  0.00507  0.00634  0.00379  0.00147  0.00296  0.00462  0.00252  0.00000  0.00252  0.00000  4.07587  1.98263  0.34096  0.06427  2.32853
   2   5829.06896 x   0.01009  0.00512  0.02061  0.03227  0.00315  0.00181  0.04209  0.03184  0.10503  0.01962  0.02799  0.00200  0.01974  0.01598  0.01528  0.00000  0.00765  0.00897  0.00127  0.00127  0.03123  0.00218  0.00773  0.00384  0.00424  0.00686  0.01081  0.01644  0.00824  0.02078  0.00528  0.00110  0.00333  0.00277  0.00382  0.00512  0.00638  0.00382  0.00147  0.00297  0.00467  0.00253  0.00000  0.00253  0.00000  4.54529  3.10982  2.46413  0.00000  4.69711
   3   5828.84271 x   0.01011  0.00521  0.02069  0.03238  0.00398  0.00177  0.04237  0.03207  0.10578  0.01972  0.02815  0.00248  0.01987  0.01608  0.01538  0.00000  0.00770  0.00902  0.00128  0.00128  0.03144  0.00218  0.00778  0.00387  0.00426  0.00723  0.01081  0.01655  0.00829  0.02093  0.00533  0.00111  0.00336  0.00279  0.00384  0.00515  0.00642  0.00384  0.00148  0.00298  0.00470  0.00254  0.00000  0.00254  0.00000  4.48685  3.05162  2.42098  0.00000  4.76214
   4   5828.81733 x   0.01010  0.00527  0.02073  0.03242  0.00429  0.00176  0.04250  0.03217  0.10613  0.01973  0.02820  0.00263  0.01991  0.01612  0.01541  0.00000  0.00772  0.00904  0.00128  0.00128  0.03151  0.00218  0.00780  0.00388  0.00427  0.00726  0.01083  0.01658  0.00831  0.02098  0.00534  0.00110  0.00336  0.00279  0.00385  0.00516  0.00643  0.00385  0.00148  0.00298  0.00471  0.00255  0.00000  0.00255  0.00000  4.49429  3.10289  2.48868  0.00000  4.98909
   5   5828.81711 x   0.01010  0.00527  0.02074  0.03243  0.00429  0.00176  0.04251  0.03218  0.10617  0.01974  0.02821  0.00263  0.01992  0.01612  0.01541  0.00000  0.00772  0.00905  0.00128  0.00128  0.03152  0.00218  0.00780  0.00388  0.00427  0.00726  0.01083  0.01659  0.00831  0.02099  0.00535  0.00110  0.00336  0.00279  0.00385  0.00516  0.00643  0.00385  0.00148  0.00299  0.00471  0.00255  0.00000  0.00255  0.00000  4.49552  3.09719  2.48415  0.00000  4.99266
   6   5828.81711 x   0.01010  0.00527  0.02074  0.03244  0.00429  0.00176  0.04252  0.03218  0.10618  0.01974  0.02821  0.00263  0.01992  0.01612  0.01542  0.00000  0.00772  0.00905  0.00128  0.00128  0.03153  0.00218  0.00780  0.00388  0.00427  0.00726  0.01083  0.01659  0.00831  0.02099  0.00535  0.00110  0.00336  0.00279  0.00385  0.00516  0.00643  0.00385  0.00148  0.00299  0.00471  0.00255  0.00000  0.00255  0.00000  4.49573  3.09659  2.48372  0.00000  4.99349
   7   5828.81711 x   0.01010  0.00527  0.02074  0.03244  0.00429  0.00176  0.04252  0.03219  0.10618  0.01974  0.02821  0.00263  0.01992  0.01612  0.01542  0.00000  0.00772  0.00905  0.00128  0.00128  0.03153  0.00218  0.00780  0.00388  0.00427  0.00726  0.01083  0.01659  0.00831  0.02099  0.00535  0.00110  0.00336  0.00279  0.00385  0.00516  0.00643  0.00385  0.00148  0.00299  0.00471  0.00255  0.00000  0.00255  0.00000  4.49560  3.09674  2.48396  0.00000  4.99455


Model 7: beta

TREE # 1
   1   5864.07019 x   0.01028  0.00516  0.02083  0.03283  0.00201  0.00213  0.04201  0.03189  0.10162  0.02012  0.02810  0.00129  0.02006  0.01597  0.01540  0.00000  0.00771  0.00900  0.00128  0.00128  0.03078  0.00216  0.00774  0.00386  0.00427  0.00566  0.01113  0.01572  0.00831  0.02051  0.00516  0.00125  0.00338  0.00279  0.00383  0.00513  0.00641  0.00383  0.00149  0.00301  0.00467  0.00255  0.00000  0.00255  0.00000  3.55303  0.83360  1.21250
   2   5845.75870 x   0.01018  0.00515  0.02063  0.03259  0.00309  0.00179  0.04214  0.03201  0.10312  0.01974  0.02796  0.00195  0.01991  0.01592  0.01535  0.00000  0.00766  0.00896  0.00127  0.00127  0.03105  0.00210  0.00773  0.00384  0.00424  0.00685  0.01080  0.01604  0.00827  0.02050  0.00513  0.00123  0.00333  0.00278  0.00382  0.00511  0.00637  0.00381  0.00148  0.00297  0.00465  0.00253  0.00000  0.00253  0.00000  5.27546  0.10651  0.19580
   3   5839.83081 x   0.01026  0.00526  0.02081  0.03283  0.00395  0.00182  0.04255  0.03235  0.10413  0.02008  0.02830  0.00246  0.02018  0.01612  0.01554  0.00000  0.00776  0.00908  0.00129  0.00129  0.03135  0.00216  0.00783  0.00389  0.00430  0.00726  0.01088  0.01634  0.00835  0.02076  0.00520  0.00125  0.00340  0.00282  0.00387  0.00518  0.00646  0.00387  0.00149  0.00302  0.00471  0.00257  0.00000  0.00257  0.00000  4.12993  0.01419  0.02130
   4   5839.77998 x   0.01024  0.00530  0.02080  0.03282  0.00424  0.00179  0.04262  0.03240  0.10428  0.02005  0.02831  0.00262  0.02019  0.01613  0.01555  0.00000  0.00777  0.00908  0.00129  0.00129  0.03138  0.00215  0.00784  0.00390  0.00430  0.00727  0.01088  0.01635  0.00835  0.02077  0.00520  0.00125  0.00339  0.00282  0.00387  0.00518  0.00646  0.00387  0.00150  0.00302  0.00471  0.00257  0.00000  0.00257  0.00000  4.20330  0.00500  0.00730
   5   5839.77988 x   0.01023  0.00531  0.02080  0.03281  0.00427  0.00178  0.04262  0.03241  0.10429  0.02005  0.02831  0.00263  0.02019  0.01613  0.01555  0.00000  0.00777  0.00908  0.00129  0.00129  0.03139  0.00215  0.00784  0.00390  0.00430  0.00727  0.01088  0.01635  0.00835  0.02077  0.00520  0.00125  0.00339  0.00282  0.00387  0.00518  0.00646  0.00387  0.00150  0.00302  0.00471  0.00257  0.00000  0.00257  0.00000  4.20197  0.00500  0.00750
   6   5839.77988 x   0.01023  0.00531  0.02080  0.03281  0.00427  0.00178  0.04262  0.03241  0.10429  0.02005  0.02831  0.00263  0.02019  0.01613  0.01555  0.00000  0.00777  0.00908  0.00129  0.00129  0.03139  0.00215  0.00784  0.00390  0.00430  0.00727  0.01088  0.01635  0.00835  0.02077  0.00520  0.00125  0.00339  0.00282  0.00387  0.00518  0.00646  0.00387  0.00150  0.00302  0.00471  0.00257  0.00000  0.00257  0.00000  4.20199  0.00500  0.00754


Model 8: beta&w>1

TREE # 1
   1   5831.20598 x   0.01006  0.00506  0.02062  0.03224  0.00203  0.00189  0.04181  0.03162  0.10402  0.01954  0.02788  0.00132  0.01959  0.01591  0.01515  0.00000  0.00761  0.00891  0.00126  0.00126  0.03107  0.00218  0.00766  0.00382  0.00421  0.00567  0.01102  0.01604  0.00820  0.02056  0.00519  0.00116  0.00334  0.00275  0.00378  0.00508  0.00635  0.00379  0.00147  0.00296  0.00463  0.00252  0.00000  0.00252  0.00000  4.41256  0.91080  0.25133  0.88822  2.77852
   2   5829.86751 x   0.01015  0.00516  0.02075  0.03245  0.00312  0.00186  0.04229  0.03199  0.10537  0.01966  0.02816  0.00199  0.01984  0.01609  0.01536  0.00000  0.00770  0.00902  0.00128  0.00127  0.03147  0.00220  0.00778  0.00387  0.00426  0.00691  0.01087  0.01644  0.00828  0.02084  0.00527  0.00115  0.00336  0.00279  0.00384  0.00515  0.00642  0.00384  0.00148  0.00299  0.00469  0.00255  0.00000  0.00255  0.00000  4.48699  0.93815  0.19268  0.49202  3.38067
   3   5829.35592 x   0.01014  0.00522  0.02075  0.03247  0.00397  0.00177  0.04244  0.03214  0.10570  0.01968  0.02820  0.00248  0.01990  0.01612  0.01541  0.00000  0.00772  0.00904  0.00128  0.00128  0.03152  0.00219  0.00780  0.00388  0.00427  0.00723  0.01083  0.01650  0.00829  0.02088  0.00528  0.00115  0.00337  0.00279  0.00385  0.00515  0.00643  0.00385  0.00148  0.00299  0.00470  0.00255  0.00000  0.00255  0.00000  4.46082  0.94615  0.08918  0.20821  3.49330
   4   5829.24288 x   0.01013  0.00526  0.02076  0.03248  0.00426  0.00175  0.04251  0.03220  0.10584  0.01972  0.02823  0.00262  0.01993  0.01614  0.01543  0.00000  0.00773  0.00905  0.00128  0.00128  0.03155  0.00219  0.00781  0.00388  0.00428  0.00726  0.01084  0.01654  0.00831  0.02091  0.00529  0.00115  0.00337  0.00280  0.00386  0.00516  0.00644  0.00385  0.00149  0.00299  0.00471  0.00255  0.00000  0.00255  0.00000  4.45999  0.95366  0.04958  0.10445  3.68567
   5   5828.91027 x   0.01011  0.00528  0.02076  0.03245  0.00429  0.00178  0.04253  0.03219  0.10621  0.01972  0.02823  0.00263  0.01992  0.01614  0.01542  0.00000  0.00773  0.00905  0.00128  0.00128  0.03156  0.00218  0.00781  0.00388  0.00427  0.00727  0.01083  0.01657  0.00831  0.02099  0.00534  0.00111  0.00336  0.00279  0.00385  0.00517  0.00643  0.00385  0.00148  0.00299  0.00471  0.00255  0.00000  0.00255  0.00000  4.48851  0.96732  0.01994  0.03814  4.69107
   6   5828.91021 x   0.01011  0.00528  0.02076  0.03246  0.00429  0.00178  0.04254  0.03219  0.10623  0.01972  0.02823  0.00263  0.01992  0.01614  0.01542  0.00000  0.00773  0.00905  0.00128  0.00128  0.03157  0.00219  0.00781  0.00388  0.00428  0.00727  0.01084  0.01657  0.00832  0.02099  0.00534  0.00111  0.00336  0.00279  0.00386  0.00517  0.00643  0.00385  0.00148  0.00299  0.00471  0.00255  0.00000  0.00255  0.00000  4.48681  0.96728  0.01993  0.03812  4.69617
   7   5828.91021 x   0.01011  0.00528  0.02076  0.03246  0.00429  0.00178  0.04254  0.03219  0.10624  0.01972  0.02823  0.00263  0.01992  0.01614  0.01542  0.00000  0.00773  0.00905  0.00128  0.00128  0.03157  0.00219  0.00781  0.00388  0.00428  0.00727  0.01084  0.01657  0.00832  0.02099  0.00534  0.00111  0.00336  0.00279  0.00386  0.00517  0.00643  0.00385  0.00148  0.00299  0.00471  0.00255  0.00000  0.00255  0.00000  4.48681  0.96727  0.01993  0.03812  4.69617
   8   5828.91021 x   0.01011  0.00528  0.02076  0.03246  0.00429  0.00178  0.04254  0.03219  0.10624  0.01972  0.02823  0.00263  0.01992  0.01614  0.01542  0.00000  0.00773  0.00905  0.00128  0.00128  0.03157  0.00219  0.00781  0.00388  0.00428  0.00727  0.01084  0.01657  0.00832  0.02099  0.00534  0.00111  0.00336  0.00279  0.00386  0.00517  0.00643  0.00385  0.00148  0.00299  0.00471  0.00255  0.00000  0.00255  0.00000  4.48681  0.96727  0.01993  0.03812  4.69617
   9   5828.91021 x   0.01011  0.00528  0.02076  0.03246  0.00429  0.00178  0.04254  0.03219  0.10624  0.01972  0.02823  0.00263  0.01992  0.01614  0.01542  0.00000  0.00773  0.00905  0.00128  0.00128  0.03157  0.00219  0.00781  0.00388  0.00428  0.00727  0.01084  0.01657  0.00832  0.02099  0.00534  0.00111  0.00336  0.00279  0.00386  0.00517  0.00643  0.00385  0.00148  0.00299  0.00471  0.00255  0.00000  0.00255  0.00000  4.48688  0.96727  0.01992  0.03810  4.69654
  10   5828.91021 x   0.01011  0.00528  0.02076  0.03246  0.00429  0.00178  0.04254  0.03219  0.10624  0.01972  0.02823  0.00263  0.01992  0.01614  0.01542  0.00000  0.00773  0.00905  0.00128  0.00128  0.03157  0.00219  0.00781  0.00388  0.00428  0.00727  0.01084  0.01657  0.00832  0.02099  0.00534  0.00111  0.00336  0.00279  0.00386  0.00517  0.00643  0.00385  0.00148  0.00299  0.00471  0.00255  0.00000  0.00255  0.00000  4.48688  0.96727  0.01991  0.03810  4.69654
  11   5828.91021 x   0.01011  0.00528  0.02076  0.03246  0.00429  0.00178  0.04254  0.03219  0.10624  0.01972  0.02823  0.00263  0.01992  0.01614  0.01542  0.00000  0.00773  0.00905  0.00128  0.00128  0.03157  0.00219  0.00781  0.00388  0.00428  0.00727  0.01084  0.01657  0.00832  0.02099  0.00534  0.00111  0.00336  0.00279  0.00386  0.00517  0.00643  0.00385  0.00148  0.00299  0.00471  0.00255  0.00000  0.00255  0.00000  4.48687  0.96727  0.01991  0.03810  4.69654
  12   5828.91021 x   0.01011  0.00528  0.02076  0.03246  0.00429  0.00178  0.04254  0.03219  0.10624  0.01972  0.02823  0.00263  0.01992  0.01614  0.01542  0.00000  0.00773  0.00905  0.00128  0.00128  0.03157  0.00219  0.00781  0.00388  0.00428  0.00727  0.01084  0.01657  0.00832  0.02099  0.00534  0.00111  0.00336  0.00279  0.00386  0.00517  0.00643  0.00385  0.00148  0.00299  0.00471  0.00255  0.00000  0.00255  0.00000  4.48687  0.96727  0.01991  0.03810  4.69654
